76
-2
0
-2
0
6
3
0
0
-2
0
6
3
-1
5
-1
0
6
1
-1
10
-1
0
6
1
-1
15
-1
0
6
1
-2
20
0
1
6
2
-2
25
0
1
6
1
-2
30
0
1
6
1
-2
35
0
1
6
1
-2
40
0
1
6
2
-1
45
0
1
6
1
-1
50
0
1
6
1
-1
55
0
1
6
1
-2
60
0
1
6
3
-3
65
0
1
0
2
0
65
0
1
0
2
-1
65
-2
1
0
1
-1
65
2
1
0
1
0
70
-4
0
0
3
-2
70
-4
0
0
3
-2
70
0
0
0
3
0
70
0
0
0
3
2
70
-2
0
0
3
-4
70
-2
0
0
3
-1
75
-1
0
1
1
-1
80
-2
0
1
3
-2
85
0
1
1
3
-1
90
0
1
1
1
-1
85
1
1
1
0
0
85
1
1
1
0
-1
85
-2
1
1
0
0
85
-2
1
1
0
-2
80
-1
1
1
0
-2
80
0
1
1
0
1
80
-1
1
1
0
1
80
0
1
1
0
-2
75
4
1
0
3
-4
80
5
1
0
3
0
80
5
1
0
3
-4
80
7
1
0
3
0
80
7
1
0
3
-1
85
4
0
0
2
-2
75
8
1
0
3
-1
70
9
1
0
1
0
65
9
1
0
0
-1
65
9
1
0
0
3
75
-2
0
0
3
4
80
0
0
0
3
4
80
-4
0
0
3
6
80
-4
0
0
3
6
80
0
0
0
3
4
85
0
1
0
2
7
75
-2
0
0
3
8
70
-1
0
0
1
9
65
-1
0
0
0
9
65
0
0
0
0
-2
75
-4
1
0
3
0
80
-5
1
0
3
-4
80
-5
1
0
3
-4
80
-7
1
0
3
0
80
-7
1
0
3
-1
85
-7
0
0
2
-2
75
-8
1
0
3
-1
70
-9
1
0
1
-1
65
-10
1
0
0
0
65
-10
1
0
0
-5
75
-2
0
0
3
-6
80
-4
0
0
3
-6
80
0
0
0
3
-8
80
0
0
0
3
-8
80
-4
0
0
3
-9
75
-2
0
0
3
-7
85
0
1
0
2
-10
70
0
1
0
1
-10
65
0
1
0
0
-10
65
-1
1
0
0
